91
91
20
29
55
22
92
2
15
80
71
73
79
61
72
81
10
64
61
22
34
73
18
48
51
77
86
1
35
23
50
66
40
88
53
19
35
49
100
53
2
2
89
57
96
21
43
8
26
88
16
39
75
1
81
32
2
75
10
11
22
60
2
13
87
73
83
15
32
91
61
15
76
57
100
22
89
26
78
70
6
72
75
18
44
94
100
39
94
69
27
97
21
45
4
57
95
25
3
98
29
33
44
8
89
20
70
58
34
77
79
32
60
76
56
72
81
70
65
4
42
31
32
60
29
85
81
69
12
66
1
100
7
84
27
25
45
86
32
9
65
18
85
25
24
19
57
69
58
57
46
60
19
55
53
9
99
65
92
68
43
30
50
97
13
64
75
94
63
74
45
92
65
25
60
2
64
69
41
65
21
94
60
54
74
13
85
59
89
89
99
9
97
41
98
83
76
7
18
61
27
96
78
35
46
27
68
30
63
34
19
3
98
81
76
73
52
5
61
33
70
62
26
51
25
48
12
65
47
83
76
98
82
17
41
80
68
39
91
29
79
56
11
40
31
69
56
10
72
52
2
63
29
52
22
50
30
68
67
39
81
95
2
29
79
73
96
77
29
29
76
23
23
31
68
91
31
40
23
2
37
39
88
41
2
70
75
45
56
36
79
63
98
69
69
81
70
66
11
94
89
67
94
7
44
44
28
94
2
68
54
39
78
16
84
63
53
23
73
82
10
64
78
25
4
72
94
45
54
83
44
12
17
75
45
81
62
100
94
78
57
59
76
51
26
59
69
29
81
12
69
32
52
84
88
96
59
92
59
53
69
93
99
10
61
61
42
47
41
27
17
21
1
60
82
26
85
84
94
26
73
8
7
5
97
51
35
67
11
71
72
21
52
71
19
7
86
82
23
61
22
78
36
82
84
54
72
71
82
54
55
70
70
14
83
2
57
66
45
43
62
99
51
7
41
89
89
65
54
5
15
20
27
52
5
91
66
54
61
42
29
1
98
89
94
40
79
100
11
41
33
52
93
65
37
53
2
83
32
45
57
90
57
51
85
12
2
53
33
87
91
17
42
22
63
49
45
55
6
67
10
3
6
99
95
65
84
53
73
48
89
48
43
21
11
85
16
50
76
80
76
68
67
67
82
33
30
19
39
32
36
55
68
88
48
26
13
71
47
4
37
54
60
85
100
55
72
16
38
70
5
75
42
88
52
73
83
36
86
99
86
35
18
32
29
79
88
58
87
77
17
73
12
80
96
47
62
76
77
40
68
50
100
90
49
29
77
88
60
1
3
33
28
43
92
50
27
10
28
73
92
36
36
6
82
4
29
5
18
19
44
10
32
87
50
75
70
22
8
42
64
69
26
26
70
11
81
1
95
50
35
43
4
54
49
14
37
22
24
33
31
95
9
25
39
100
45
32
14
20
24
81
93
89
40
50
25
58
18
49
43
73
54
59
100
54
94
62
30
85
73
27
35
95
62
55
37
17
31
88
82
45
100
18
11
79
80
23
12
70
18
34
42
69
60
18
85
56
11
58
70
4
65
69
14
85
69
57
24
45
92
61
86
46
76
44
86
27
46
92
76
73
56
59
50
1
70
25
1
20
67
79
60
42
23
65
55
3
20
54
69
5
62
43
11
54
78
19
28
43
52
64
85
96
33
10
57
23
62
2
16
48
53
52
88
18
93
63
47
86
51
19
46
7
65
66
1
69
27
32
8
18
26
59
8
100
91
84
19
32
29
49
93
31
56
71
88
20
80
67
28
49
30
34
71
96
60
54
75
83
97
54
65
92
64
33
77
33
50
64
12
91
82
57
97
73
77
69
25
56
12
53
98
81
36
29
79
95
77
56
12
76
11
57
32
82
65
97
11
73
22
10
82
77
18
63
26
78
88
54
82
55
13
52
41
63
78
57
77
72
48
40
73
82
49
98
2
82
89
54
42
30
67
94
69
23
61
55
84
22
41
83
27
92
98
84
46
34
13
77
5
75
21
10
78
64
63
4
59
62
40
54
95
32
39
77
42
72
35
62
65
76
49
35
53
44
7
77
77
21
78
94
84
99
79
27
82
20
89
34
94
62
19
44
18
82
17
96
94
81
47
74
30
93
11
52
2
1
27
42
66
32
79
90
75
40
78
78
37
28
84
81
30
38
24
11
76
83
83
29
9
75
91
41
65
57
21
17
39
99
6
86
46
70
95
93
32
71
67
33
83
70
56
54
21
9
40
94
90
15
70
27
44
89
52
55
43
84
38
58
11
22
60
2
13
87
73
83
15
32
91
61
15
76
57
100
22
89
26
78
70
6
72
75
18
44
94
100
39
94
69
27
97
21
45
4
57
95
25
3
98
29
33
44
8
89
20
70
58
34
77